10010100100110111001001110011010100100101001100110010001100110000001011010010010100110011001000110011000000101101001100010011000100100001001000010010000
10011000100100011001100110010010100110101001001110011011100101000001011010011000100100011001100110010010000101101001000110010010100100001001000010010000



100110101001001010010011100100001001010010011100100111000001011010011000100100011001100110010010000101101001100010011100100100001001000010010000














10011000100100011001100110010010100110101001001110011011100101000001011010011000100100011001100110010010000101101001100110010000100100001001000010010000
